%YAML:1.0
CM1: !!opencv-matrix
   rows: 3
   cols: 3
   dt: d
   data: [ 9.0345957290215404e+02, 0., 2.5796353476984234e+02, 0.,
       9.0136403010423248e+02, 2.0727041359196639e+02, 0., 0., 1. ]
D1: !!opencv-matrix
   rows: 1
   cols: 5
   dt: d
   data: [ -1.2822115753845595e-01, -4.6114405543557008e-01,
       -7.7770842088297184e-03, 8.8160267719383692e-04,
       3.7625776464262279e+00 ]
CM2: !!opencv-matrix
   rows: 3
   cols: 3
   dt: d
   data: [ 8.7766405473685074e+02, 0., 3.0654551652618579e+02, 0.,
       8.7318901474044867e+02, 2.7176716658611832e+02, 0., 0., 1. ]
D2: !!opencv-matrix
   rows: 1
   cols: 5
   dt: d
   data: [ -1.1286584858459259e-01, -4.7269041117246863e-01,
       -1.7410717206419079e-02, 1.3109822155621151e-03,
       3.3985278710353439e+00 ]
R: !!opencv-matrix
   rows: 3
   cols: 3
   dt: d
   data: [ 9.9557835755540003e-01, 1.2022910221281087e-02,
       9.3162136069880400e-02, -5.3150342671391838e-03,
       9.9739635605808330e-01, -7.1918421373082339e-02,
       -9.3784243762110878e-02, 7.1105263882979206e-02,
       9.9305012817586447e-01 ]
T: !!opencv-matrix
   rows: 3
   cols: 1
   dt: d
   data: [ -1.3723265950538627e-01, -2.8380464195458809e-04,
       6.7545143243768211e-03 ]
E: !!opencv-matrix
   rows: 3
   cols: 3
   dt: d
   data: [ 6.2516878813832967e-05, -6.7571079780329628e-03,
       2.0394177128114373e-04, -6.1456129140284093e-03,
       9.8391733868038646e-03, 1.3690817509431213e-01,
       1.0119460471455189e-03, -1.3687194236510133e-01,
       9.8959960791281405e-03 ]
F: !!opencv-matrix
   rows: 3
   cols: 3
   dt: d
   data: [ -5.2627403953701326e-08, 5.7066701689420490e-06,
       -1.3236006097407736e-03, 5.2068597784038218e-06,
       -8.3632782651812670e-06, -1.0420671181751810e-01,
       -2.1660052728192012e-03, 1.0365028137899546e-01, 1. ]
Stereo calibration error: 4.0714564339349979e-01
R1: !!opencv-matrix
   rows: 3
   cols: 3
   dt: d
   data: [ 9.9897194056755478e-01, 1.0572997650830271e-02,
       4.4082577957391025e-02, -8.9804496270391321e-03,
       9.9930532560559315e-01, -3.6169292788157642e-02,
       -4.4434372766925960e-02, 3.5736227234765536e-02,
       9.9837293061252175e-01 ]
R2: !!opencv-matrix
   rows: 3
   cols: 3
   dt: d
   data: [ 9.9878878916168035e-01, 2.0655498167703040e-03,
       -4.9159822506789984e-02, -2.9579165267427980e-04,
       9.9935246018546220e-01, 3.5980172714457109e-02,
       4.9202308403598946e-02, -3.5922052074156274e-02,
       9.9814264462677815e-01 ]
P1: !!opencv-matrix
   rows: 3
   cols: 4
   dt: d
   data: [ 8.8115500995116167e+02, 0., 2.2032965087890625e+02, 0., 0.,
       8.8115500995116167e+02, 2.3875283241271973e+02, 0., 0., 0., 1.,
       0. ]
P2: !!opencv-matrix
   rows: 3
   cols: 4
   dt: d
   data: [ 8.8115500995116167e+02, 0., 3.5673529815673828e+02,
       -1.2106988661095036e+02, 0., 8.8115500995116167e+02,
       2.3875283241271973e+02, 0., 0., 0., 1., 0. ]
Q: !!opencv-matrix
   rows: 4
   cols: 4
   dt: d
   data: [ 1., 0., 0., -2.2032965087890625e+02, 0., 1., 0.,
       -2.3875283241271973e+02, 0., 0., 0., 8.8115500995116167e+02, 0.,
       0., 7.2780691765466985e+00, 9.9276973695969036e+02 ]
