%YAML:1.0
CM1: !!opencv-matrix
   rows: 3
   cols: 3
   dt: d
   data: [ 9.4991137582728663e+02, 0., 3.2241851340786047e+02, 0.,
       9.4636018690344838e+02, 2.8577016889755510e+02, 0., 0., 1. ]
CM2: !!opencv-matrix
   rows: 3
   cols: 3
   dt: d
   data: [ 9.5301403476326209e+02, 0., 2.7322408134084907e+02, 0.,
       9.5066470658090736e+02, 2.2108016608876085e+02, 0., 0., 1. ]
D1: !!opencv-matrix
   rows: 1
   cols: 5
   dt: d
   data: [ 1.8036695145408257e-02, -2.7578510720108473e-01,
       -3.4476642685298178e-03, 3.0811589668133799e-03,
       -1.9895765762045570e-01 ]
D2: !!opencv-matrix
   rows: 1
   cols: 5
   dt: d
   data: [ 2.8065925577622566e-02, -1.2080797473867011e+00,
       -1.3000734253487626e-03, 1.1839770887631797e-03,
       7.0584568239735059e+00 ]
R: !!opencv-matrix
   rows: 3
   cols: 3
   dt: d
   data: [ 9.9968817272481503e-01, 7.9754767783508582e-03,
       -2.3663243316976716e-02, -6.8140178089553770e-03,
       9.9878709368757745e-01, 4.8763825161912286e-02,
       2.4023456774987566e-02, -4.8587377509804922e-02,
       9.9852998967046547e-01 ]
T: !!opencv-matrix
   rows: 3
   cols: 1
   dt: d
   data: [ 2.3298962682198052e+00, -3.0501504402630938e-02,
       1.1438027766640867e-01 ]
E: !!opencv-matrix
   rows: 3
   cols: 3
   dt: d
   data: [ 4.6637676423472336e-05, -1.1275955699658283e-01,
       -3.6034286738188460e-02, 5.8372448486305725e-02,
       1.1411578679111113e-01, -2.3291779049798618e+00,
       1.4616038536955596e-02, 2.3273135863688594e+00,
       1.1289288974864918e-01 ]
F: !!opencv-matrix
   rows: 3
   cols: 3
   dt: d
   data: [ -1.2882913643389697e-09, 3.1264909723204829e-06,
       5.2489467949307299e-05, -1.6164304636898257e-06,
       -3.1719145006298738e-06, 6.2695769684476113e-02,
       -2.7061689661655028e-05, -6.1650564270259132e-02, 1. ]
Error: 2.2916532104306622e-01
R1: !!opencv-matrix
   rows: 3
   cols: 3
   dt: d
   data: [ 9.9966728317077957e-01, -7.4756317141424933e-03,
       2.4686795831516076e-02, 6.8722691928677542e-03,
       9.9967778122460305e-01, 2.4435745169639738e-02,
       -2.4861513913943645e-02, -2.4257960679523721e-02,
       9.9939654615651807e-01 ]
R2: !!opencv-matrix
   rows: 3
   cols: 3
   dt: d
   data: [ 9.9871176826215957e-01, -1.3074492548066804e-02,
       4.9029191093481798e-02, 1.4264804178300094e-02,
       9.9961001837385244e-01, -2.4006801710791292e-02,
       -4.8696193859739820e-02, 2.4675267196872377e-02,
       9.9850879409864868e-01 ]
P1: !!opencv-matrix
   rows: 3
   cols: 4
   dt: d
   data: [ 9.4636018690344838e+02, 0., 2.6126130867004395e+02, 0., 0.,
       9.4636018690344838e+02, 2.5304845428466797e+02, 0., 0., 0., 1.,
       0. ]
P2: !!opencv-matrix
   rows: 3
   cols: 4
   dt: d
   data: [ 9.4636018690344838e+02, 0., 2.6126130867004395e+02,
       2.2077651810340494e+03, 0., 9.4636018690344838e+02,
       2.5304845428466797e+02, 0., 0., 0., 1., 0. ]
Q: !!opencv-matrix
   rows: 4
   cols: 4
   dt: d
   data: [ 1., 0., 0., -2.6126130867004395e+02, 0., 1., 0.,
       -2.5304845428466797e+02, 0., 0., 0., 9.4636018690344838e+02, 0.,
       0., -4.2865074376261447e-01, 0. ]
